Index	 RAT	 CFU	 HW	 Proj	 EXAM	
1	 59.56	 93.50	 87.25	 86.53	 82.43	
2	 60.89	 96.25	 87.75	 94.42	 81.75	
3	 76.44	 94.25	 88.50	 88.06	 50.42	
4	 75.55	 97.25	 98.00	 97.62	 93.48	
5	 90.22	 95.50	 84.00	 87.37	 88.20	
6	 35.11	 57.25	 0.00	 52.00	 75.88	
7	 67.55	 97.50	 97.50	 45.84	 41.73	
8	 90.67	 99.00	 98.75	 97.13	 88.86	
9	 58.67	 98.50	 82.75	 79.12	 82.97	
10	 87.78	 97.25	 47.25	 89.04	 81.87	
11	 61.78	 98.50	 68.25	 84.97	 82.58	
12	 79.55	 96.00	 84.50	 88.03	 81.41	
13	 78.45	 96.00	 57.50	 87.33	 80.75	
14	 78.00	 94.00	 85.00	 75.71	 78.73	
15	 71.11	 95.50	 100.00	 90.22	 80.75	
16	 90.00	 99.25	 80.00	 82.89	 82.83	
17	 58.67	 96.00	 80.50	 83.69	 85.32	
18	 46.22	 98.00	 83.50	 51.36	 89.39	
19	 88.89	 96.25	 97.00	 95.91	 77.69	
20	 81.11	 95.00	 80.00	 88.29	 82.72	
21	 94.89	 99.25	 100.00	 98.75	 87.20	
22	 83.55	 95.75	 78.25	 94.42	 76.03	
23	 91.55	 98.50	 100.00	 97.78	 92.83	
24	 44.45	 97.75	 61.75	 26.77	 80.83	
25	 67.11	 99.75	 77.50	 89.89	 84.27	
26	 78.22	 93.25	 100.00	 84.44	 84.78	
27	 46.67	 91.25	 42.50	 77.72	 76.91	
28	 88.89	 99.50	 88.50	 96.16	 82.83	
29	 66.67	 95.50	 61.75	 87.11	 80.54	
30	 68.44	 97.50	 66.50	 76.54	 82.83	
31	 67.33	 94.95	 62.25	 72.64	 83.65	
32	 90.00	 99.75	 98.50	 96.77	 83.77	
33	 69.33	 93.00	 47.50	 61.74	 74.00	
34	 81.33	 95.00	 84.25	 87.45	 85.06	
35	 78.67	 97.75	 100.00	 94.33	 87.02	
36	 94.22	 99.25	 100.00	 96.56	 84.31	
37	 87.77	 99.00	 98.50	 97.81	 87.36	
38	 93.33	 96.75	 100.00	 93.72	 80.91	
39	 78.89	 98.25	 95.00	 90.94	 81.55	
40	 76.67	 91.50	 78.75	 82.71	 84.78	
41	 13.33	 40.00	 0.00	 6.25	 20.79	
42	 60.22	 97.75	 100.00	 96.12	 82.54	
43	 79.55	 98.50	 88.00	 88.22	 87.33	
44	 60.67	 73.25	 52.75	 78.65	 74.81	
45	 83.78	 98.25	 87.25	 94.90	 81.55	
46	 92.89	 99.25	 95.50	 95.06	 85.38	
47	 76.45	 95.75	 93.75	 81.61	 88.20	
48	 75.55	 97.75	 97.50	 92.36	 85.07	
49	 74.89	 93.50	 86.00	 75.09	 78.73	
50	 84.00	 99.50	 100.00	 95.69	 85.77	
51	 55.11	 97.25	 80.50	 86.06	 63.90	
52	 73.77	 97.00	 79.00	 95.56	 85.45	
53	 84.45	 97.00	 97.00	 84.51	 83.72	
54	 94.22	 97.25	 98.50	 94.28	 93.48	
55	 69.33	 96.85	 95.00	 88.09	 79.77	
56	 54.45	 98.25	 98.00	 74.26	 78.24	
57	 64.89	 96.25	 82.50	 82.22	 89.99	
58	 75.33	 97.25	 88.75	 86.95	 93.48	
59	 59.77	 92.50	 89.00	 78.11	 77.43	
60	 78.00	 93.75	 75.50	 92.09	 66.27	
61	 58.45	 95.25	 0.00	 11.88	 73.37	
62	 73.78	 96.25	 100.00	 70.09	 77.69	
63	 74.67	 97.75	 100.00	 79.34	 75.44	
64	 83.55	 94.50	 81.25	 90.76	 78.65	
65	 81.55	 98.25	 98.75	 95.68	 89.39	
66	 89.55	 97.00	 98.50	 96.72	 89.99	
67	 81.33	 97.50	 100.00	 86.66	 82.46	
68	 57.33	 92.75	 65.50	 83.81	 78.37	
69	 82.22	 93.20	 60.50	 92.56	 83.65	
70	 60.89	 98.75	 96.00	 52.69	 41.73	
71	 78.67	 96.75	 98.00	 91.33	 81.87	
72	 64.44	 93.50	 95.75	 88.48	 55.42	
73	 92.67	 92.75	 93.00	 94.88	 82.72	
74	 59.33	 93.50	 0.00	 82.58	 78.83	
75	 70.67	 92.25	 83.75	 85.65	 68.63	
76	 76.00	 97.10	 93.00	 96.38	 79.73	
77	 89.33	 98.25	 97.00	 97.34	 86.86	
78	 82.89	 98.00	 100.00	 94.08	 85.83	
79	 80.89	 99.00	 97.00	 94.96	 87.86	
80	 46.45	 96.50	 73.00	 84.24	 75.53	
81	 62.23	 89.75	 57.25	 77.56	 74.81	
82	 64.45	 98.25	 82.00	 85.37	 87.20	
83	 69.11	 99.25	 0.00	 72.07	 82.20	
84	 60.89	 98.75	 83.50	 86.94	 82.97	
85	 84.44	 97.75	 100.00	 90.38	 85.07	
86	 74.67	 76.25	 82.25	 86.28	 45.41	
87	 72.44	 99.75	 97.50	 93.34	 89.19	
88	 46.45	 90.50	 75.00	 51.94	 51.30	
89	 72.23	 98.50	 65.00	 87.72	 86.86	
90	 45.77	 94.25	 87.50	 57.53	 73.00	
91	 37.33	 98.00	 86.75	 83.98	 85.38	
92	 81.77	 97.25	 100.00	 95.69	 86.19	
93	 78.22	 99.25	 90.75	 93.58	 87.16	
94	 38.67	 96.50	 0.00	 11.25	 77.46	
95	 69.78	 82.75	 88.75	 86.42	 86.25	
96	 90.22	 99.00	 98.00	 94.69	 84.31	
97	 43.11	 92.75	 85.75	 31.73	 66.27	
98	 86.67	 98.25	 81.25	 95.23	 87.18	
99	 26.00	 48.00	 0.00	 40.97	 78.65	
100	 84.00	 97.25	 97.50	 97.34	 93.48	
101	 79.33	 96.00	 98.00	 91.25	 74.74	
102	 73.33	 99.00	 71.25	 92.11	 78.81	
103	 66.89	 98.00	 85.25	 93.75	 78.24	
104	 62.22	 93.00	 79.50	 86.97	 73.85	
105	 51.55	 91.25	 68.75	 74.76	 78.83	
106	 76.44	 98.00	 97.50	 93.22	 81.55	
107	 82.45	 97.50	 97.00	 94.36	 86.57	
108	 88.89	 95.75	 94.50	 95.10	 83.83	
109	 83.55	 99.25	 89.50	 97.41	 85.38	
110	 55.78	 93.25	 79.50	 85.13	 66.27	
111	 38.45	 92.50	 57.50	 59.63	 80.10	
112	 71.55	 99.25	 90.00	 90.06	 82.97	
113	 69.78	 93.75	 91.25	 85.58	 85.15	
114	 68.89	 99.50	 84.75	 87.43	 79.87	
115	 55.56	 94.45	 49.50	 77.56	 85.45	
116	 51.78	 93.50	 74.50	 62.58	 84.78	
117	 57.78	 74.25	 63.25	 67.52	 78.37	
118	 62.89	 84.25	 90.00	 90.64	 78.83	
119	 69.11	 85.00	 20.25	 70.38	 77.40	
120	 81.55	 98.00	 77.50	 92.16	 76.94	
121	 88.89	 94.75	 72.00	 87.65	 88.20	
122	 85.33	 98.50	 72.00	 88.62	 84.31	
123	 71.77	 83.00	 79.25	 83.93	 76.03	
124	 59.78	 93.00	 89.50	 65.20	 50.42	
125	 83.11	 99.00	 98.75	 95.64	 87.33	
126	 76.67	 98.75	 92.50	 95.59	 87.33	
127	 80.67	 97.25	 90.25	 78.80	 80.07	
128	 82.22	 99.00	 94.50	 94.55	 85.77	
129	 60.45	 97.00	 100.00	 81.25	 61.90	
130	 78.45	 95.25	 87.25	 84.47	 80.56	
131	 78.67	 98.50	 73.50	 90.69	 92.83	
132	 71.11	 99.00	 93.75	 93.92	 87.33	
133	 68.45	 97.25	 70.25	 87.27	 76.54	
134	 68.45	 93.50	 94.25	 85.39	 84.46	
135	 74.22	 92.50	 47.25	 71.32	 76.91	
136	 79.55	 98.75	 72.50	 85.39	 87.18	
137	 67.77	 95.50	 68.00	 75.53	 76.03	
138	 86.22	 99.25	 100.00	 96.53	 89.19	
139	 84.00	 98.00	 100.00	 97.51	 82.46	
140	 84.89	 97.75	 82.00	 83.93	 76.44	
141	 86.67	 96.75	 91.00	 92.55	 89.99	
142	 92.22	 99.25	 96.25	 97.65	 87.20	
143	 92.00	 95.75	 100.00	 95.09	 85.56	
144	 60.45	 95.75	 75.25	 83.96	 76.75	
145	 74.89	 97.10	 88.50	 90.50	 79.77	
146	 62.22	 99.25	 91.75	 68.52	 83.27	
147	 60.89	 99.25	 100.00	 90.11	 85.77	
148	 77.55	 93.20	 93.25	 96.42	 83.65	
149	 57.78	 83.50	 90.75	 92.70	 86.25	
150	 60.67	 96.00	 84.75	 73.17	 73.49	
151	 73.33	 96.50	 97.00	 93.69	 74.74	
152	 60.00	 97.75	 78.75	 91.47	 82.54	
153	 82.89	 93.50	 89.25	 92.67	 78.73	
154	 45.11	 93.25	 97.00	 95.22	 50.41	
155	 58.44	 92.75	 94.25	 72.30	 65.13	
156	 88.22	 99.25	 98.75	 96.49	 87.16	
157	 82.22	 96.25	 98.00	 86.33	 84.18	
158	 72.00	 95.25	 68.50	 85.90	 85.56	
159	 63.11	 96.25	 82.25	 84.36	 81.87	
160	 48.00	 94.25	 69.50	 69.05	 66.90	
161	 81.33	 95.50	 82.00	 94.38	 83.83	
162	 79.55	 99.00	 55.00	 38.56	 79.31	
163	 72.44	 92.50	 86.50	 92.59	 80.10	
164	 69.33	 96.25	 77.50	 82.53	 74.50	
165	 16.00	 65.00	 61.25	 29.27	 54.01	
166	 70.67	 87.50	 72.50	 81.16	 82.46	
167	 55.11	 97.25	 84.50	 51.66	 66.90	
168	 84.45	 95.00	 100.00	 87.28	 88.20	
169	 83.11	 97.75	 84.00	 88.75	 87.02	
170	 48.45	 96.25	 0.00	 6.25	 72.69	
171	 61.78	 78.75	 77.50	 62.88	 54.01	
172	 77.11	 93.25	 44.75	 60.95	 78.83	
173	 70.67	 95.25	 88.00	 86.06	 83.83	
174	 62.22	 99.75	 82.50	 46.97	 74.87	
175	 84.67	 98.25	 100.00	 90.41	 92.83	
176	 92.00	 97.25	 100.00	 89.06	 86.19	
177	 77.55	 96.75	 100.00	 85.28	 84.18	
178	 76.00	 96.25	 67.50	 80.76	 84.18	
179	 73.33	 96.50	 97.25	 80.27	 78.49	
180	 61.11	 96.25	 95.75	 68.42	 74.74	
181	 53.55	 93.75	 65.25	 90.58	 77.43	
182	 76.00	 98.75	 95.50	 90.67	 83.81	
183	 48.67	 91.75	 51.00	 76.19	 76.91	
184	 55.11	 97.50	 54.50	 58.63	 81.86	
185	 87.55	 97.25	 98.75	 93.75	 87.02	
186	 65.33	 92.75	 86.75	 88.83	 85.15	
187	 84.89	 96.50	 100.00	 89.64	 85.32	
188	 59.55	 74.00	 78.75	 87.55	 74.81	
189	 90.89	 99.25	 100.00	 95.38	 83.81	
190	 64.00	 95.75	 0.00	 69.53	 80.91	
191	 67.11	 93.25	 75.00	 58.31	 78.41	
192	 84.22	 98.25	 88.00	 96.01	 76.94	
193	 56.89	 93.75	 93.75	 74.89	 73.41	
194	 51.55	 96.75	 59.00	 77.68	 89.99	
195	 89.78	 97.50	 68.50	 93.77	 86.57	
196	 72.67	 94.50	 74.50	 96.03	 92.83	
197	 57.33	 89.20	 83.50	 78.88	 85.45	
198	 74.67	 95.00	 86.50	 79.84	 78.65	
199	 93.33	 100.00	 100.00	 98.72	 79.87	
200	 80.22	 99.50	 93.00	 94.47	 85.77	
201	 43.55	 93.75	 0.00	 23.75	 55.42	
202	 73.55	 94.00	 0.00	 86.16	 78.65	
203	 85.33	 96.25	 98.00	 94.78	 81.87	
204	 80.00	 94.00	 95.75	 88.25	 78.41	
205	 72.00	 98.50	 93.00	 67.03	 82.83	
206	 58.67	 94.00	 96.25	 88.41	 78.41	
207	 27.33	 79.00	 0.00	 40.66	 54.01	
208	 84.45	 96.25	 100.00	 94.94	 86.19	
209	 71.33	 98.50	 85.00	 87.78	 78.24	
210	 59.55	 93.45	 76.25	 86.71	 78.65	
211	 86.89	 97.00	 66.75	 93.73	 83.72	
212	 69.11	 96.50	 70.50	 90.94	 78.50	
213	 76.00	 96.75	 68.00	 83.29	 78.49	
214	 62.89	 95.50	 24.00	 76.03	 77.69	
215	 75.11	 98.50	 92.50	 96.57	 78.24	
216	 69.77	 97.25	 66.00	 84.75	 82.02	
217	 49.33	 91.00	 65.00	 34.01	 83.85	
218	 71.55	 91.75	 85.50	 93.17	 76.91	
219	 52.67	 93.25	 40.50	 67.86	 49.30	
220	 74.67	 90.00	 85.50	 92.03	 77.40	
221	 88.67	 96.50	 100.00	 96.80	 85.32	
222	 58.89	 97.00	 94.00	 74.46	 81.55	
223	 77.33	 98.50	 83.00	 84.01	 84.39	
224	 76.89	 96.75	 74.75	 92.12	 81.54	
225	 89.11	 97.75	 80.00	 97.53	 84.25	
226	 72.22	 98.50	 96.00	 92.06	 89.39	
227	 74.00	 95.25	 81.25	 95.38	 83.83	
228	 76.22	 96.50	 86.25	 89.39	 86.19	
229	 81.77	 97.75	 91.50	 96.33	 86.86	
230	 76.89	 97.25	 100.00	 95.76	 78.49	
231	 64.23	 97.25	 0.00	 80.88	 85.83	
232	 80.00	 97.50	 91.00	 96.78	 86.57	
233	 82.89	 99.50	 96.00	 96.92	 89.19	
234	 64.89	 82.75	 89.50	 74.81	 86.25	
235	 51.11	 93.00	 76.50	 83.26	 80.10	
236	 70.67	 96.75	 72.50	 87.10	 81.41	
237	 84.00	 95.50	 75.25	 93.97	 81.54	
238	 56.67	 90.25	 38.00	 65.52	 77.40	
239	 87.33	 94.50	 97.50	 88.38	 78.65	
240	 55.11	 83.00	 37.50	 57.41	 81.25	
241	 59.55	 92.75	 75.50	 83.38	 80.10	
242	 69.11	 99.25	 89.50	 48.19	 77.97	
243	 40.89	 92.75	 0.00	 16.47	 45.41	
244	 64.45	 99.25	 95.00	 88.09	 83.81	
245	 78.00	 99.75	 83.50	 82.91	 79.87	
246	 62.22	 96.50	 93.25	 82.84	 74.74	
247	 64.89	 93.75	 88.00	 81.99	 80.15	
248	 28.00	 45.50	 0.00	 6.25	 69.81	
249	 60.89	 97.25	 97.00	 75.25	 78.85	
250	 73.77	 97.50	 49.00	 86.94	 78.85	
251	 75.55	 99.25	 93.00	 62.50	 41.73	
252	 82.22	 98.00	 97.00	 97.72	 86.57	
253	 69.33	 92.50	 86.50	 89.07	 83.78	
254	 42.22	 83.25	 78.00	 72.81	 66.13	
255	 82.89	 99.00	 100.00	 94.34	 88.86	
256	 46.67	 93.00	 89.00	 56.81	 70.13	
257	 73.78	 98.00	 97.25	 96.24	 85.83	
258	 68.22	 79.50	 0.00	 17.14	 38.56	
259	 82.89	 94.75	 86.25	 92.00	 73.37	
260	 82.89	 96.78	 62.50	 82.89	 62.50	
261	 64.89	 96.92	 97.72	 64.89	 97.72	
262	 51.11	 74.81	 89.07	 51.11	 89.07	
263	 70.67	 83.26	 72.81	 70.67	 72.81	
264	 84.00	 87.10	 94.34	 84.00	 94.34	
265	 56.67	 93.97	 56.81	 56.67	 56.81	
266	 87.33	 65.52	 96.24	 87.33	 96.24	
267	 55.11	 88.38	 17.14	 55.11	 17.14	
268	 59.55	 57.41	 92.00	 59.55	 92.00	
269	 69.11	 83.38	 82.89	 69.11	 82.89	
270	 40.89	 48.19	 64.89	 40.89	 64.89	
271	 64.45	 16.47	 51.11	 64.45	 51.11	
272	 78.00	 88.09	 70.67	 78.00	 70.67	
273	 62.22	 82.91	 84.00	 62.22	 84.00	
274	 64.89	 82.84	 56.67	 64.89	 56.67	
275	 28.00	 81.99	 87.33	 28.00	 87.33	
276	 60.89	 6.25	 55.11	 60.89	 55.11	
277	 73.77	 75.25	 59.55	 73.77	 59.55	
278	 75.55	 86.94	 69.11	 75.55	 69.11	
279	 82.22	 62.50	 82.89	 82.22	 82.89	
280	 69.33	 97.72	 64.89	 69.33	 64.89	
281	 42.22	 89.07	 51.11	 42.22	 51.11	
282	 82.89	 72.81	 70.67	 82.89	 70.67	
283	 46.67	 94.34	 84.00	 46.67	 84.00	
284	 73.78	 56.81	 56.67	 73.78	 56.67	
285	 68.22	 96.24	 87.33	 68.22	 87.33	
286	 82.89	 17.14	 55.11	 82.89	 55.11	
287	 96.24	 92.00	 59.55	 96.24	 59.55	
288	 17.14	 82.89	 69.11	 17.14	 69.11	
289	 92.00	 64.89	 40.89	 92.00	 40.89	
290	 82.89	 51.11	 64.45	 82.89	 64.45	
291	 64.89	 70.67	 78.00	 64.89	 78.00	
292	 51.11	 84.00	 62.22	 51.11	 62.22	
293	 70.67	 56.67	 64.89	 70.67	 64.89	
294	 84.00	 87.33	 28.00	 84.00	 28.00	
295	 56.67	 55.11	 60.89	 56.67	 60.89	
296	 87.33	 59.55	 73.77	 87.33	 73.77	
297	 55.11	 69.11	 75.55	 55.11	 75.55	
298	 59.55	 40.89	 82.22	 59.55	 82.22	
299	 69.11	 64.45	 69.33	 69.11	 69.33	
300	 40.89	 78.00	 42.22	 40.89	 42.22	
